   matris=[0.0000000e+00   0.0000000e+00   0.0000000e+00   0.0000000e+00   0.0000000e+00   0.0000000e+00   0.0000000e+00   0.0000000e+00   0.0000000e+00   0.0000000e+00   0.0000000e+00   0.0000000e+00   0.0000000e+00   0.0000000e+00   0.0000000e+00   0.0000000e+00   0.0000000e+00   0.0000000e+00   0.0000000e+00   0.0000000e+00   0.0000000e+00   0.0000000e+00   0.0000000e+00   0.0000000e+00   0.0000000e+00   0.0000000e+00   0.0000000e+00   0.0000000e+00   0.0000000e+00   0.0000000e+00   0.0000000e+00   0.0000000e+00   0.0000000e+00   0.0000000e+00   0.0000000e+00   0.0000000e+00   0.0000000e+00   0.0000000e+00   0.0000000e+00   0.0000000e+00   0.0000000e+00   0.0000000e+00   0.0000000e+00   0.0000000e+00   0.0000000e+00;
   0.0000000e+00   0.0000000e+00   0.0000000e+00   0.0000000e+00   0.0000000e+00   0.0000000e+00   0.0000000e+00   0.0000000e+00   0.0000000e+00   0.0000000e+00   0.0000000e+00   0.0000000e+00   0.0000000e+00   0.0000000e+00   0.0000000e+00   0.0000000e+00   0.0000000e+00   0.0000000e+00   0.0000000e+00   0.0000000e+00   0.0000000e+00   0.0000000e+00   0.0000000e+00   0.0000000e+00   0.0000000e+00   0.0000000e+00   0.0000000e+00   0.0000000e+00   0.0000000e+00   0.0000000e+00   0.0000000e+00   0.0000000e+00   0.0000000e+00   0.0000000e+00   0.0000000e+00   0.0000000e+00   0.0000000e+00   0.0000000e+00   0.0000000e+00   0.0000000e+00   0.0000000e+00   0.0000000e+00   0.0000000e+00   0.0000000e+00   0.0000000e+00;
   3.7000000e+00   3.7336309e+00   3.7696154e+00   3.8078866e+00   3.8483763e+00   3.8910153e+00   3.9357337e+00   3.9824616e+00   4.0311289e+00   4.0816663e+00   4.1340053e+00   4.1880783e+00   4.2438190e+00   4.3011626e+00   4.3600459e+00   4.4204072e+00   4.4821870e+00   4.5453273e+00   4.6097722e+00   4.6754679e+00   4.7423623e+00   4.8104054e+00   4.8795492e+00   4.9497475e+00   5.0209561e+00   5.0931326e+00   5.1662365e+00   5.2402290e+00   5.3150729e+00   5.3907328e+00   5.4671748e+00   5.5443665e+00   5.6222771e+00   5.7008771e+00   5.7801384e+00   5.8600341e+00   5.9405387e+00   6.0216277e+00   6.1032778e+00   6.1854668e+00   6.2681736e+00   6.3513778e+00   6.4350602e+00   6.5192024e+00   6.6037868e+00]
   