MATLAB OTURUMU BAÞARILI BÝR ÞEKÝLDE AÇILDI...

	Academic License

clc
p = [ 1 -3 -6  8];
x = -3 : 0.1 : 5

x =

  Columns 1 through 7

   -3.0000   -2.9000   -2.8000   -2.7000   -2.6000   -2.5000   -2.4000

  Columns 8 through 14

   -2.3000   -2.2000   -2.1000   -2.0000   -1.9000   -1.8000   -1.7000

  Columns 15 through 21

   -1.6000   -1.5000   -1.4000   -1.3000   -1.2000   -1.1000   -1.0000

  Columns 22 through 28

   -0.9000   -0.8000   -0.7000   -0.6000   -0.5000   -0.4000   -0.3000

  Columns 29 through 35

   -0.2000   -0.1000         0    0.1000    0.2000    0.3000    0.4000

  Columns 36 through 42

    0.5000    0.6000    0.7000    0.8000    0.9000    1.0000    1.1000

  Columns 43 through 49

    1.2000    1.3000    1.4000    1.5000    1.6000    1.7000    1.8000

  Columns 50 through 56

    1.9000    2.0000    2.1000    2.2000    2.3000    2.4000    2.5000

  Columns 57 through 63

    2.6000    2.7000    2.8000    2.9000    3.0000    3.1000    3.2000

  Columns 64 through 70

    3.3000    3.4000    3.5000    3.6000    3.7000    3.8000    3.9000

  Columns 71 through 77

    4.0000    4.1000    4.2000    4.3000    4.4000    4.5000    4.6000

  Columns 78 through 81

    4.7000    4.8000    4.9000    5.0000

clc
y=polyval(p,x)

y =

  Columns 1 through 7

  -28.0000  -24.2190  -20.6720  -17.3530  -14.2560  -11.3750   -8.7040

  Columns 8 through 14

   -6.2370   -3.9680   -1.8910         0    1.7110    3.2480    4.6170

  Columns 15 through 21

    5.8240    6.8750    7.7760    8.5330    9.1520    9.6390   10.0000

  Columns 22 through 28

   10.2410   10.3680   10.3870   10.3040   10.1250    9.8560    9.5030

  Columns 29 through 35

    9.0720    8.5690    8.0000    7.3710    6.6880    5.9570    5.1840

  Columns 36 through 42

    4.3750    3.5360    2.6730    1.7920    0.8990         0   -0.8990

  Columns 43 through 49

   -1.7920   -2.6730   -3.5360   -4.3750   -5.1840   -5.9570   -6.6880

  Columns 50 through 56

   -7.3710   -8.0000   -8.5690   -9.0720   -9.5030   -9.8560  -10.1250

  Columns 57 through 63

  -10.3040  -10.3870  -10.3680  -10.2410  -10.0000   -9.6390   -9.1520

  Columns 64 through 70

   -8.5330   -7.7760   -6.8750   -5.8240   -4.6170   -3.2480   -1.7110

  Columns 71 through 77

         0    1.8910    3.9680    6.2370    8.7040   11.3750   14.2560

  Columns 78 through 81

   17.3530   20.6720   24.2190   28.0000

clc
p = [ 1 -3 -6  8]

p =

     1    -3    -6     8

x = -3 : 0.1 : 5

x =

  Columns 1 through 7

   -3.0000   -2.9000   -2.8000   -2.7000   -2.6000   -2.5000   -2.4000

  Columns 8 through 14

   -2.3000   -2.2000   -2.1000   -2.0000   -1.9000   -1.8000   -1.7000

  Columns 15 through 21

   -1.6000   -1.5000   -1.4000   -1.3000   -1.2000   -1.1000   -1.0000

  Columns 22 through 28

   -0.9000   -0.8000   -0.7000   -0.6000   -0.5000   -0.4000   -0.3000

  Columns 29 through 35

   -0.2000   -0.1000         0    0.1000    0.2000    0.3000    0.4000

  Columns 36 through 42

    0.5000    0.6000    0.7000    0.8000    0.9000    1.0000    1.1000

  Columns 43 through 49

    1.2000    1.3000    1.4000    1.5000    1.6000    1.7000    1.8000

  Columns 50 through 56

    1.9000    2.0000    2.1000    2.2000    2.3000    2.4000    2.5000

  Columns 57 through 63

    2.6000    2.7000    2.8000    2.9000    3.0000    3.1000    3.2000

  Columns 64 through 70

    3.3000    3.4000    3.5000    3.6000    3.7000    3.8000    3.9000

  Columns 71 through 77

    4.0000    4.1000    4.2000    4.3000    4.4000    4.5000    4.6000

  Columns 78 through 81

    4.7000    4.8000    4.9000    5.0000

y=polyval(p,x)

y =

  Columns 1 through 7

  -28.0000  -24.2190  -20.6720  -17.3530  -14.2560  -11.3750   -8.7040

  Columns 8 through 14

   -6.2370   -3.9680   -1.8910         0    1.7110    3.2480    4.6170

  Columns 15 through 21

    5.8240    6.8750    7.7760    8.5330    9.1520    9.6390   10.0000

  Columns 22 through 28

   10.2410   10.3680   10.3870   10.3040   10.1250    9.8560    9.5030

  Columns 29 through 35

    9.0720    8.5690    8.0000    7.3710    6.6880    5.9570    5.1840

  Columns 36 through 42

    4.3750    3.5360    2.6730    1.7920    0.8990         0   -0.8990

  Columns 43 through 49

   -1.7920   -2.6730   -3.5360   -4.3750   -5.1840   -5.9570   -6.6880

  Columns 50 through 56

   -7.3710   -8.0000   -8.5690   -9.0720   -9.5030   -9.8560  -10.1250

  Columns 57 through 63

  -10.3040  -10.3870  -10.3680  -10.2410  -10.0000   -9.6390   -9.1520

  Columns 64 through 70

   -8.5330   -7.7760   -6.8750   -5.8240   -4.6170   -3.2480   -1.7110

  Columns 71 through 77

         0    1.8910    3.9680    6.2370    8.7040   11.3750   14.2560

  Columns 78 through 81

   17.3530   20.6720   24.2190   28.0000

 plot (x , y)
grid
title('Plot of y = x^3 - 3x^2 - 6x + 8 z_/alpha')
title('Plot of y = x^3 - 3x^2 - 6x + 8)
 title('Plot of y = x^3 - 3x^2 - 6x + 8)
       
{Error: String is not terminated properly.
} 
title('Plot of y = x^3 - 3x^2 - 6x + 8')
xlabel('x')
ylabel('y')
ylabel('y_alpha')
ylabel('y_(/alpha)')
ylabel('/alpha')
ylabel('\alpha')
ylabel('y_\alpha')
clc
ylabel(\beta_\gamma)
 ylabel(\beta_\gamma)
        
{Error: Unexpected MATLAB operator.
} 
ylabel('\beta_\gamma')
clc
ylabel('\beta_\gamma^\theta')
clc
p1=[2 3 1];
p2=[5 -2];
p3=conv(p1 ,p2)

p3 =

    10    11    -1    -2

[Q,R]=deconv(p3,p1)

Q =

     5    -2


R =

     0     0     0     0

[Q,R]=deconv(p3,p2)

Q =

    2.0000    3.0000    1.0000


R =

   1.0e-15 *

         0         0         0    0.5551

p1

p1 =

     2     3     1

eps

ans =

   2.2204e-16

1-.2-.2-.2-.2-.2

ans =

   5.5511e-17

1-0.2-.2-.2-.2-.2

ans =

   5.5511e-17

eps

ans =

   2.2204e-16

realmin

ans =

  2.2251e-308

R

R =

   1.0e-15 *

         0         0         0    0.5551

clc
p1

p1 =

     2     3     1

p3

p3 =

    10    11    -1    -2

p4=[10 11 2 0]

p4 =

    10    11     2     0

[Q,R]=deconv(p4,p1)

Q =

     5    -2


R =

     0     0     3     2

p2

p2 =

     5    -2

clc
dir divide.m
'divide.m' not found.
dir divide
'divide' not found.
dir bol
'bol' not found.
dir bol.m
'bol.m' not found.
dir

.                              mannequin.mat                  
..                             mccExcludedFiles.log           
A_s1.m                         midterm_a3_bisection.m         
B_s1.m                         midterm_b2_newton_rap.m        
COVID                          midterm_b3_false_pos.m         
Flur                           muller.m                       
Gseid.m                        muller_excuse.m                
Hilal                          muller_final_1A.m              
KNEA                           muller_final_1B.m              
Sule_Sirin                     np                             
ZSKOR                          ortalama.exe                   
butA1.m                        ortalama.m                     
butA2.m                        ortalama.prj                   
butB1.m                        ortalama_delay_load.c          
butB2.m                        ortalama_main.c                
deneme.xlsx                    ortalama_mcc_component_data.c  
df.txt                         power_final_2A.m               
diary                          readme.txt                     
exp_final_2B.m                 secant_excuse.m                
final_3A.m                     senol_sahin                    
final_3B.m                     startup.m                      
flightconnectionsatahubEx.m    thickness_of_scab.m            
gunluk                         veri_creep.xlsx                
haykin                         

clc
help divide
 <strong>divide</strong>(X, Y) integer division of x by y.
        The operation is carried on by subtracting
        y from x, until x < y.
        [ q, r ] = divide(x, y) yields the quotient q and
        the remainder r.

clc
divide(10,3)

ans =

     3

[bolum,kalan]=divide(10,3)

bolum =

     3


