% Table 1 from Basilio Giardina, "Introduzione ai metodi statistici".
%       Format is SU = [ Ultimate strengths in kgf/cm^2 ]
%       See book, Section 10.2.
SU = [ 62.3
82.0
83.5
54.4
76.8
52.6
79.1
61.5
75.8
75.2
82.7
53.2
57.3
101.6
85.4
102.6
90.5
83.4
83.2
75.6
48.1
72.2
98.4
91.5
58.1
75.4
70.2
57.1
64.8
87.3
73.8
83.0
86.5
85.4
60.5
60.8
85.8
74.2
95.5
65.1
92.6
75.8
43.1
62.5
79.2
75.6
71.5
57.6
73.5
42.6
62.1
63.4
72.3
77.6
82.6
89.4
87.3
85.1
95.6
58.4
83.7
79.6
63.7
87.5
76.3
43.2
61.0
72.6
65.6
85.5
78.5
68.2
75.6
68.3
69.1
78.4
63.6
68.2
107.2
74.8
79.5
93.6
64.4
74.3
107.8
60.5
94.2
73.6
89.0
65.4
105.8
52.6
78.2
84.3
93.8
97.0
53.3
74.3
85.6
91.8 ];
