veri = [10 20;34 50]
data = magic(4)